clear;
clc;

slow1point;
medium1point; 
fast1point; 
t = [1 0.95 0.9 0.85 0.8 0.75 0.7 0.65 0.6 0.55 0.5 0.45 0.4 0.35 0.3 0.25 0.2 0.15 0.10 0.05];


plot(t,slow1point,t,medium1point,t,fast1point,'LineWidth',2)




set ( gca, 'xdir', 'reverse' )
axis([0 0.35 0 800])

title('Error in pixels vs. time in step of 0.05 [s]')
xlabel('Time [sec]')
ylabel('Maximum tracking error [norm of pixels]')

legend("Slow marker","Medium marker", "Fast marker")


%% Q (Fast)
clear;
clc;

[m,n] = size(Q0);


t = 1:1:n;
plot(t,Q0,t,Q1,t,Q2,t,Q3,t,Q4,t,Q5,t,Q6,'LineWidth',2)

title('Robot joint variables with fast speed marker')
xlabel('Configuration index')
ylabel('Radians')

legend("Q0","Q1","Q2","Q3","Q4","Q5","Q6")

%% T of Tool (Fast)
clear;
clc;
T0 = [0.264064 0.264569 0.264716 0.264858 0.265 0.265141 0.265282 0.265422 0.26556 0.265698 0.265835 0.265971 0.266105 0.266238 0.26637 0.266501 0.26663 0.266757 0.266883 0.267007 0.26713 0.267251 0.26737 0.267488 0.267603 0.267717 0.267829 0.26794 0.268048 0.268155 0.26826 0.268364 0.268466 0.268566 0.268607 0.268386 0.268164 0.267942 0.267719 0.267496 0.267273 0.267049 0.266825 0.2666 0.266375 0.26615 0.265924 0.265698 0.265471 0.265244 0.265017 0.26479 0.264562 0.264333 0.264105 0.263876 0.263647 0.263417 0.263188 0.262958 0.262728 0.262497 0.262266 0.262036 0.261804 0.261573 0.261342 0.26111 0.261308 0.261509 0.261711 0.261914 0.262117 0.26232 0.262523 0.262726 0.262928 0.263129 0.263328 0.263525 0.263721 0.263913 0.264103 0.26429 0.264473 0.264652 0.264827 0.264998 0.265164 0.265325 0.265482 0.265633 0.265778 0.265918 0.266052 0.26618 0.266302 0.266418 0.266529 0.266633 0.266731 0.266752 0.266753 0.266754 0.266756 0.266757 0.266759 0.266761 0.266762 0.266764 0.266766 0.266768 0.266771 0.266773 0.266776 0.266778 0.266781 0.266784 0.266787 0.26679 0.266794 0.266797 0.266801 0.266804 0.266808 0.266813 0.266817 0.266821 0.266826 0.266831 0.266836 0.266841 0.266846 0.266852 0.266858 0.266803 0.266758 0.266722 0.266708 0.2667 0.266681 0.266686 0.266684 0.266701 0.266711 0.266726 0.266734 0.266779 0.26682 0.266878 0.266928 0.266996 0.267055 0.26713 0.267195 0.267278 0.267361 0.267446 0.267531 0.267618 0.267704 0.267791 0.267877 0.267963 0.268034 0.266885 ];
T1 = [-0.0299076 -0.00790045 -0.0185057 -0.0289793 -0.0394744 -0.0499695 -0.0604642 -0.0709586 -0.0814524 -0.0919455 -0.102438 -0.112929 -0.12342 -0.133909 -0.144396 -0.154883 -0.165367 -0.17585 -0.186331 -0.196811 -0.207288 -0.217763 -0.228236 -0.238707 -0.249176 -0.259642 -0.270107 -0.280569 -0.291028 -0.301486 -0.311941 -0.322393 -0.332844 -0.343292 -0.350237 -0.350178 -0.350102 -0.350035 -0.349965 -0.349894 -0.349821 -0.349746 -0.349671 -0.349596 -0.34952 -0.349444 -0.349368 -0.349293 -0.349219 -0.349146 -0.349074 -0.349004 -0.348936 -0.34887 -0.348807 -0.348746 -0.348687 -0.348632 -0.34858 -0.34853 -0.348485 -0.348442 -0.348403 -0.348367 -0.348335 -0.348306 -0.348281 -0.348259 -0.337711 -0.327238 -0.316775 -0.306314 -0.295855 -0.285399 -0.274945 -0.264493 -0.254044 -0.243598 -0.233154 -0.222712 -0.212272 -0.201834 -0.191398 -0.180964 -0.170532 -0.160102 -0.149673 -0.139246 -0.12882 -0.118396 -0.107973 -0.0975504 -0.0871292 -0.0767089 -0.0662895 -0.0558708 -0.0454528 -0.0350355 -0.0246188 -0.0142026 -0.00378701 -0.000354676 -0.000400234 -0.00044346 -0.000486762 -0.000530151 -0.000573634 -0.000617224 -0.000660928 -0.000704757 -0.00074872 -0.000792825 -0.000837083 -0.000881501 -0.000926088 -0.000970854 -0.00101581 -0.00106095 -0.00110631 -0.00115187 -0.00119766 -0.00124368 -0.00128994 -0.00133644 -0.00138321 -0.00143024 -0.00147755 -0.00152514 -0.00157303 -0.00162123 -0.00166974 -0.00171858 -0.00176776 -0.00181729 -0.00537031 -0.0158956 -0.0264999 -0.0372012 -0.047734 -0.05824 -0.0688256 -0.0794577 -0.0900389 -0.100575 -0.111157 -0.121734 -0.132359 -0.143003 -0.153683 -0.164166 -0.174713 -0.18519 -0.19572 -0.206177 -0.216685 -0.227116 -0.237532 -0.247953 -0.25834 -0.268736 -0.279091 -0.28946 -0.299776 -0.310115 -0.320463 -0.330558 ];
T2 = [0.831357 0.83388 0.834963 0.835102 0.835229 0.835358 0.835487 0.835615 0.835742 0.83587 0.835997 0.836124 0.83625 0.836376 0.836502 0.836628 0.836754 0.83688 0.837006 0.837132 0.837258 0.837385 0.837512 0.83764 0.837769 0.837898 0.838029 0.83816 0.838294 0.838428 0.838565 0.838703 0.838843 0.838986 0.839134 0.839263 0.839295 0.839313 0.839327 0.839339 0.839346 0.839349 0.839349 0.839345 0.839337 0.839325 0.839309 0.839289 0.839266 0.839239 0.839209 0.839175 0.839138 0.839098 0.839055 0.83901 0.838962 0.838912 0.838861 0.838807 0.838752 0.838696 0.838639 0.838582 0.838524 0.838466 0.838408 0.838351 0.842615 0.847179 0.851736 0.856293 0.860849 0.865404 0.869958 0.874511 0.879063 0.883614 0.888163 0.892711 0.897258 0.901803 0.906346 0.910888 0.915428 0.919966 0.924501 0.929035 0.933566 0.938095 0.942622 0.947146 0.951668 0.956187 0.960703 0.965217 0.969729 0.974238 0.978744 0.983249 0.98775 0.989355 0.989325 0.989279 0.989235 0.989192 0.98915 0.98911 0.989071 0.989034 0.988997 0.988962 0.988928 0.988896 0.988864 0.988834 0.988805 0.988777 0.98875 0.988724 0.9887 0.988676 0.988654 0.988632 0.988612 0.988592 0.988574 0.988557 0.98854 0.988525 0.988511 0.988497 0.988485 0.988474 0.988414 0.987921 0.988034 0.988106 0.988317 0.988425 0.988575 0.988657 0.988834 0.989085 0.989279 0.989475 0.989631 0.989905 0.990139 0.99045 0.990714 0.991045 0.991329 0.991678 0.991984 0.992231 0.992609 0.992866 0.993256 0.993526 0.993926 0.994207 0.994617 0.994906 0.995301 0.997058 ];
T3 = [-1.56909 -1.569 -1.56903 -1.56904 -1.56905 -1.56906 -1.56908 -1.56909 -1.5691 -1.56911 -1.56913 -1.56915 -1.56917 -1.56919 -1.56921 -1.56924 -1.56927 -1.5693 -1.56933 -1.56937 -1.56941 -1.56946 -1.56951 -1.56956 -1.56962 -1.56968 -1.56974 -1.56981 -1.56988 -1.56996 -1.57004 -1.57012 -1.57021 -1.5703 -1.57031 -1.57012 -1.56995 -1.56978 -1.56961 -1.56945 -1.56928 -1.56911 -1.56894 -1.56877 -1.5686 -1.56842 -1.56824 -1.56806 -1.56787 -1.56768 -1.56748 -1.56728 -1.56707 -1.56684 -1.56661 -1.56637 -1.56612 -1.56585 -1.56557 -1.56526 -1.56494 -1.5646 -1.56423 -1.56382 -1.56339 -1.56292 -1.5624 -1.56183 -1.5616 -1.56137 -1.56114 -1.5609 -1.56067 -1.56043 -1.5602 -1.55996 -1.55972 -1.55948 -1.55925 -1.55901 -1.55877 -1.55854 -1.55831 -1.55808 -1.55785 -1.55763 -1.55741 -1.5572 -1.55699 -1.55679 -1.55659 -1.5564 -1.55622 -1.55604 -1.55586 -1.5557 -1.55554 -1.55539 -1.55525 -1.55511 -1.55498 -1.55501 -1.55507 -1.55512 -1.55517 -1.55521 -1.55525 -1.55528 -1.55531 -1.55534 -1.55536 -1.55538 -1.5554 -1.55541 -1.55542 -1.55542 -1.55542 -1.55542 -1.55541 -1.5554 -1.55539 -1.55537 -1.55535 -1.55533 -1.5553 -1.55527 -1.55524 -1.5552 -1.55516 -1.55512 -1.55507 -1.55502 -1.55496 -1.55491 -1.55452 -1.55352 -1.55199 -1.55022 -1.54802 -1.54598 -1.5433 -1.54041 -1.53669 -1.53186 -1.52623 -1.5191 -1.51028 -1.49718 -1.47916 -1.45079 -1.40287 -1.29928 -0.962712 0.551173 1.19739 1.34872 1.40976 1.44441 1.46487 1.47985 1.48982 1.49813 1.5039 1.50915 1.51311 1.49403 ];
T4 = [0.00319542 0.000162435 -2.64234e-05 -5.19363e-06 -3.74984e-06 -2.6125e-06 -1.57145e-06 -6.73233e-07 6.88113e-08 6.44836e-07 1.04815e-06 1.27519e-06 1.32542e-06 1.20103e-06 9.06631e-07 4.48947e-07 -1.6363e-07 -9.21407e-07 -1.81378e-06 -2.82962e-06 -3.95757e-06 -5.18636e-06 -6.50507e-06 -7.90333e-06 -9.37145e-06 -1.09006e-05 -1.24829e-05 -1.41113e-05 -1.578e-05 -1.7484e-05 -1.92193e-05 -2.0983e-05 -2.27729e-05 -2.45879e-05 -0.0100316 -0.040045 -0.0700444 -0.100044 -0.130043 -0.160042 -0.190041 -0.220039 -0.250038 -0.280037 -0.310036 -0.340034 -0.370033 -0.400032 -0.43003 -0.460029 -0.490027 -0.520026 -0.550024 -0.580022 -0.610021 -0.640019 -0.670017 -0.700015 -0.730013 -0.760011 -0.790009 -0.820007 -0.850004 -0.880002 -0.909999 -0.939997 -0.969994 -0.999991 -0.999916 -0.999914 -0.999911 -0.999908 -0.999905 -0.999901 -0.999898 -0.999894 -0.99989 -0.999886 -0.999881 -0.999877 -0.999872 -0.999867 -0.999862 -0.999856 -0.999851 -0.999845 -0.999839 -0.999833 -0.999826 -0.999819 -0.999812 -0.999804 -0.999797 -0.999788 -0.99978 -0.999771 -0.999761 -0.999751 -0.999741 -0.99973 -0.999718 -0.999889 -0.999913 -0.999913 -0.999914 -0.999915 -0.999915 -0.999916 -0.999916 -0.999917 -0.999917 -0.999918 -0.999918 -0.999918 -0.999919 -0.999919 -0.999919 -0.99992 -0.99992 -0.99992 -0.99992 -0.99992 -0.99992 -0.99992 -0.99992 -0.99992 -0.99992 -0.99992 -0.99992 -0.99992 -0.999919 -0.999919 -0.999919 -0.999919 -1.00992 -1.03993 -1.06993 -1.09986 -1.12989 -1.15987 -1.18988 -1.21984 -1.24978 -1.27978 -1.30971 -1.33972 -1.36963 -1.39953 -1.42937 -1.4592 -1.48881 -1.51807 -1.54541 -1.55324 -1.52874 -1.49986 -1.47031 -1.44057 -1.41072 -1.38083 -1.3509 -1.32096 -1.291 -1.26104 -1.23104 -1.30073 ];
T5 = [-1.5718 -1.57285 -1.57309 -1.57332 -1.57356 -1.57379 -1.57402 -1.57425 -1.57448 -1.57471 -1.57494 -1.57516 -1.57539 -1.57562 -1.57584 -1.57607 -1.5763 -1.57652 -1.57675 -1.57698 -1.5772 -1.57743 -1.57766 -1.57789 -1.57812 -1.57835 -1.57859 -1.57883 -1.57907 -1.57931 -1.57956 -1.57981 -1.58006 -1.58032 -1.5805 -1.58035 -1.5804 -1.58045 -1.58051 -1.58057 -1.58063 -1.5807 -1.58077 -1.58084 -1.58091 -1.58098 -1.58106 -1.58115 -1.58124 -1.58133 -1.58143 -1.58153 -1.58164 -1.58176 -1.58189 -1.58202 -1.58217 -1.58233 -1.58251 -1.5827 -1.58291 -1.58314 -1.5834 -1.58368 -1.584 -1.58435 -1.58475 -1.5852 -1.58541 -1.58561 -1.5858 -1.58599 -1.58618 -1.58636 -1.58655 -1.58672 -1.58689 -1.58706 -1.58723 -1.58738 -1.58754 -1.58768 -1.58782 -1.58795 -1.58808 -1.5882 -1.58831 -1.58841 -1.5885 -1.58859 -1.58867 -1.58873 -1.58879 -1.58884 -1.58888 -1.58891 -1.58894 -1.58895 -1.58895 -1.58895 -1.58894 -1.5888 -1.58864 -1.58848 -1.58834 -1.58819 -1.58805 -1.58792 -1.58779 -1.58766 -1.58754 -1.58742 -1.58731 -1.5872 -1.58709 -1.58699 -1.5869 -1.5868 -1.58671 -1.58663 -1.58654 -1.58646 -1.58639 -1.58632 -1.58625 -1.58618 -1.58612 -1.58606 -1.58601 -1.58596 -1.58591 -1.58586 -1.58582 -1.58579 -1.58603 -1.58685 -1.58817 -1.5895 -1.59156 -1.5935 -1.59594 -1.59849 -1.60197 -1.60666 -1.61203 -1.61891 -1.62737 -1.6401 -1.65765 -1.68588 -1.73355 -1.837 -2.17332 2.59612 1.95016 1.79896 1.73804 1.70353 1.68318 1.66832 1.65845 1.65025 1.64456 1.63941 1.63563 1.65362 ];


[m,n] = size(T0);
t = 1:1:n;
subplot(2,1,1);
plot(t,T0,t,T1,t,T2,'LineWidth',2)

title('Tool pose with fast speed marker (Position)')
xlabel('Tool pose index')
ylabel('Position [m]')

legend("X","Y","Z")


subplot(2,1,2);
plot(t,T3,t,T4,t,T5,'LineWidth',2)
title('Tool pose with fast speed marker (RPY)')
xlabel('Tool pose index')
ylabel('Angle [Rad]')
legend("Roll","Pitch","Yaw")

%% Q (Medium)
clear;
clc;
%Q

[m,n] = size(Q0);

t = 1:1:n;
plot(t,Q0,t,Q1,t,Q2,t,Q3,t,Q4,t,Q5,t,Q6,'LineWidth',2)

title('Robot joint variables with medium speed marker')
xlabel('Configuration index')
ylabel('Radians')

legend("Q0","Q1","Q2","Q3","Q4","Q5","Q6")
%% T of Tool (Medium)
clear;
clc;

[m,n] = size(T0)

t = 1:1:n;
subplot(2,1,1);
plot(t,T0,t,T1,t,T2,'LineWidth',2)

title('Tool pose with fast speed marker (Position)')
xlabel('Tool pose index')
ylabel('Position [m]')

legend("X","Y","Z")


subplot(2,1,2);
plot(t,T3,t,T4,t,T5,'LineWidth',2)
title('Tool pose with medium speed marker (RPY)')
xlabel('Tool pose index')
ylabel('Angle [Rad]')
legend("Roll","Pitch","Yaw")
%% Q (Slow)
clear;
clc;

[m,n] = size(Q0);

t = 1:1:n;
plot(t,Q0,t,Q1,t,Q2,t,Q3,t,Q4,t,Q5,t,Q6,'LineWidth',2)

title('Robot joint variables with slow speed marker')
xlabel('Configuration index')
ylabel('Radians')

legend("Q0","Q1","Q2","Q3","Q4","Q5","Q6")
%% T of Tool (Slow)

clear;
clc;
[m,n] = size(T0)

t = 1:1:n;
subplot(2,1,1);
plot(t,T0,t,T1,t,T2,'LineWidth',2)

title('Tool pose with slow speed marker (Position)')
xlabel('Tool pose index')
ylabel('Position [m]')

legend("X","Y","Z")


subplot(2,1,2);
plot(t,T3,t,T4,t,T5,'LineWidth',2)
title('Tool pose with slow speed marker (RPY)')
xlabel('Tool pose index')
ylabel('Angle [Rad]')
legend("Roll","Pitch","Yaw")
