wc = rws.getRobWorkStudio():getWorkCell()
state = wc:getDefaultState()
device = wc:findDevice("PA10")
marker = wc:findMovableFrame("Marker");


function setQ(q)
qq = rw.Q(#q,q[1],q[2],q[3],q[4],q[5],q[6],q[7])
device:setQ(qq,state)
rws.getRobWorkStudio():setState(state)
rw.sleep(0.1)
end

function moveFrame(q)

matR = rw.Rotation3d(q[4],q[5],q[6],q[7],q[8],q[9],q[10],q[11],q[12])
vecP = rw.Vector3d(q[1],q[2],q[3])
trans = rw.Transform3d(vecP,matR)
marker:setTransform(trans,state)
rws.getRobWorkStudio():setState(state)
rw.sleep(0.1)
end

setQ({0,0,-0.819,1.649,0,0,-1.571})

moveFrame({0,-0.819,1.649,1,0,-0,0,-0.000203673,1,-0,-1,-0.000203673})
moveFrame({-0.0035,-0.819,1.649,1,0,-0,0,-0.000203673,1,-0,-1,-0.000203673})
moveFrame({-0.007,-0.819,1.649,1,0,-0,0,-0.000203673,1,-0,-1,-0.000203673})
moveFrame({-0.0105,-0.819,1.649,1,0,-0,0,-0.000203673,1,-0,-1,-0.000203673})
moveFrame({-0.014,-0.819,1.649,1,0,-0,0,-0.000203673,1,-0,-1,-0.000203673})
moveFrame({-0.0175,-0.819,1.649,1,0,-0,0,-0.000203673,1,-0,-1,-0.000203673})
moveFrame({-0.021,-0.819,1.649,1,0,-0,0,-0.000203673,1,-0,-1,-0.000203673})
moveFrame({-0.0245,-0.819,1.649,1,0,-0,0,-0.000203673,1,-0,-1,-0.000203673})
moveFrame({-0.028,-0.819,1.649,1,0,-0,0,-0.000203673,1,-0,-1,-0.000203673})
moveFrame({-0.0315,-0.819,1.649,1,0,-0,0,-0.000203673,1,-0,-1,-0.000203673})
moveFrame({-0.035,-0.819,1.649,1,0,-0,0,-0.000203673,1,-0,-1,-0.000203673})
moveFrame({-0.0385,-0.819,1.649,1,0,-0,0,-0.000203673,1,-0,-1,-0.000203673})
moveFrame({-0.042,-0.819,1.649,1,0,-0,0,-0.000203673,1,-0,-1,-0.000203673})
moveFrame({-0.0455,-0.819,1.649,1,0,-0,0,-0.000203673,1,-0,-1,-0.000203673})
moveFrame({-0.049,-0.819,1.649,1,0,-0,0,-0.000203673,1,-0,-1,-0.000203673})
moveFrame({-0.0525,-0.819,1.649,1,0,-0,0,-0.000203673,1,-0,-1,-0.000203673})
moveFrame({-0.056,-0.819,1.649,1,0,-0,0,-0.000203673,1,-0,-1,-0.000203673})
moveFrame({-0.0595,-0.819,1.649,1,0,-0,0,-0.000203673,1,-0,-1,-0.000203673})
moveFrame({-0.063,-0.819,1.649,1,0,-0,0,-0.000203673,1,-0,-1,-0.000203673})
moveFrame({-0.0665,-0.819,1.649,1,0,-0,0,-0.000203673,1,-0,-1,-0.000203673})
moveFrame({-0.07,-0.819,1.649,1,0,-0,0,-0.000203673,1,-0,-1,-0.000203673})
moveFrame({-0.0735,-0.819,1.649,1,0,-0,0,-0.000203673,1,-0,-1,-0.000203673})
moveFrame({-0.077,-0.819,1.649,1,0,-0,0,-0.000203673,1,-0,-1,-0.000203673})
moveFrame({-0.0805,-0.819,1.649,1,0,-0,0,-0.000203673,1,-0,-1,-0.000203673})
moveFrame({-0.084,-0.819,1.649,1,0,-0,0,-0.000203673,1,-0,-1,-0.000203673})
moveFrame({-0.0875,-0.819,1.649,1,0,-0,0,-0.000203673,1,-0,-1,-0.000203673})
moveFrame({-0.091,-0.819,1.649,1,0,-0,0,-0.000203673,1,-0,-1,-0.000203673})
moveFrame({-0.0945,-0.819,1.649,1,0,-0,0,-0.000203673,1,-0,-1,-0.000203673})
moveFrame({-0.098,-0.819,1.649,1,0,-0,0,-0.000203673,1,-0,-1,-0.000203673})
moveFrame({-0.1015,-0.819,1.649,1,0,-0,0,-0.000203673,1,-0,-1,-0.000203673})
moveFrame({-0.105,-0.819,1.649,1,0,-0,0,-0.000203673,1,-0,-1,-0.000203673})
moveFrame({-0.1085,-0.819,1.649,1,0,-0,0,-0.000203673,1,-0,-1,-0.000203673})
moveFrame({-0.112,-0.819,1.649,1,0,-0,0,-0.000203673,1,-0,-1,-0.000203673})
moveFrame({-0.1155,-0.819,1.649,1,0,-0,0,-0.000203673,1,-0,-1,-0.000203673})
moveFrame({-0.119,-0.819,1.649,1,0,-0,0,-0.000203673,1,-0,-1,-0.000203673})
moveFrame({-0.1225,-0.819,1.649,1,0,-0,0,-0.000203673,1,-0,-1,-0.000203673})
moveFrame({-0.126,-0.819,1.649,1,0,-0,0,-0.000203673,1,-0,-1,-0.000203673})
moveFrame({-0.1295,-0.819,1.649,1,0,-0,0,-0.000203673,1,-0,-1,-0.000203673})
moveFrame({-0.133,-0.819,1.649,1,0,-0,0,-0.000203673,1,-0,-1,-0.000203673})
moveFrame({-0.1365,-0.819,1.649,1,0,-0,0,-0.000203673,1,-0,-1,-0.000203673})
moveFrame({-0.14,-0.819,1.649,1,0,-0,0,-0.000203673,1,-0,-1,-0.000203673})
moveFrame({-0.1435,-0.819,1.649,1,0,-0,0,-0.000203673,1,-0,-1,-0.000203673})
moveFrame({-0.147,-0.819,1.649,1,0,-0,0,-0.000203673,1,-0,-1,-0.000203673})
moveFrame({-0.1505,-0.819,1.649,1,0,-0,0,-0.000203673,1,-0,-1,-0.000203673})
moveFrame({-0.154,-0.819,1.649,1,0,-0,0,-0.000203673,1,-0,-1,-0.000203673})
moveFrame({-0.1575,-0.819,1.649,1,0,-0,0,-0.000203673,1,-0,-1,-0.000203673})
moveFrame({-0.161,-0.819,1.649,1,0,-0,0,-0.000203673,1,-0,-1,-0.000203673})
moveFrame({-0.1645,-0.819,1.649,1,0,-0,0,-0.000203673,1,-0,-1,-0.000203673})
moveFrame({-0.168,-0.819,1.649,1,0,-0,0,-0.000203673,1,-0,-1,-0.000203673})
moveFrame({-0.1715,-0.819,1.649,1,0,-0,0,-0.000203673,1,-0,-1,-0.000203673})
moveFrame({-0.175,-0.819,1.649,1,0,-0,0,-0.000203673,1,-0,-1,-0.000203673})
moveFrame({-0.1785,-0.819,1.649,1,0,-0,0,-0.000203673,1,-0,-1,-0.000203673})
moveFrame({-0.182,-0.819,1.649,1,0,-0,0,-0.000203673,1,-0,-1,-0.000203673})
moveFrame({-0.1855,-0.819,1.649,1,0,-0,0,-0.000203673,1,-0,-1,-0.000203673})
moveFrame({-0.189,-0.819,1.649,1,0,-0,0,-0.000203673,1,-0,-1,-0.000203673})
moveFrame({-0.1925,-0.819,1.649,1,0,-0,0,-0.000203673,1,-0,-1,-0.000203673})
moveFrame({-0.196,-0.819,1.649,1,0,-0,0,-0.000203673,1,-0,-1,-0.000203673})
moveFrame({-0.1995,-0.819,1.649,1,0,-0,0,-0.000203673,1,-0,-1,-0.000203673})
moveFrame({-0.203,-0.819,1.649,1,0,-0,0,-0.000203673,1,-0,-1,-0.000203673})
moveFrame({-0.2065,-0.819,1.649,1,0,-0,0,-0.000203673,1,-0,-1,-0.000203673})
moveFrame({-0.21,-0.819,1.649,1,0,-0,0,-0.000203673,1,-0,-1,-0.000203673})
moveFrame({-0.2135,-0.819,1.649,1,0,-0,0,-0.000203673,1,-0,-1,-0.000203673})
moveFrame({-0.217,-0.819,1.649,1,0,-0,0,-0.000203673,1,-0,-1,-0.000203673})
moveFrame({-0.2205,-0.819,1.649,1,0,-0,0,-0.000203673,1,-0,-1,-0.000203673})
moveFrame({-0.224,-0.819,1.649,1,0,-0,0,-0.000203673,1,-0,-1,-0.000203673})
moveFrame({-0.2275,-0.819,1.649,1,0,-0,0,-0.000203673,1,-0,-1,-0.000203673})
moveFrame({-0.231,-0.819,1.649,1,0,-0,0,-0.000203673,1,-0,-1,-0.000203673})
moveFrame({-0.2345,-0.819,1.649,1,0,-0,0,-0.000203673,1,-0,-1,-0.000203673})
moveFrame({-0.238,-0.819,1.649,1,0,-0,0,-0.000203673,1,-0,-1,-0.000203673})
moveFrame({-0.2415,-0.819,1.649,1,0,-0,0,-0.000203673,1,-0,-1,-0.000203673})
moveFrame({-0.245,-0.819,1.649,1,0,-0,0,-0.000203673,1,-0,-1,-0.000203673})
moveFrame({-0.2485,-0.819,1.649,1,0,-0,0,-0.000203673,1,-0,-1,-0.000203673})
moveFrame({-0.252,-0.819,1.649,1,0,-0,0,-0.000203673,1,-0,-1,-0.000203673})
moveFrame({-0.2555,-0.819,1.649,1,0,-0,0,-0.000203673,1,-0,-1,-0.000203673})
moveFrame({-0.259,-0.819,1.649,1,0,-0,0,-0.000203673,1,-0,-1,-0.000203673})
moveFrame({-0.2625,-0.819,1.649,1,0,-0,0,-0.000203673,1,-0,-1,-0.000203673})
moveFrame({-0.266,-0.819,1.649,1,0,-0,0,-0.000203673,1,-0,-1,-0.000203673})
moveFrame({-0.2695,-0.819,1.649,1,0,-0,0,-0.000203673,1,-0,-1,-0.000203673})
moveFrame({-0.273,-0.819,1.649,1,0,-0,0,-0.000203673,1,-0,-1,-0.000203673})
moveFrame({-0.2765,-0.819,1.649,1,0,-0,0,-0.000203673,1,-0,-1,-0.000203673})
moveFrame({-0.28,-0.819,1.649,1,0,-0,0,-0.000203673,1,-0,-1,-0.000203673})
moveFrame({-0.2835,-0.819,1.649,1,0,-0,0,-0.000203673,1,-0,-1,-0.000203673})
moveFrame({-0.287,-0.819,1.649,1,0,-0,0,-0.000203673,1,-0,-1,-0.000203673})
moveFrame({-0.2905,-0.819,1.649,1,0,-0,0,-0.000203673,1,-0,-1,-0.000203673})
moveFrame({-0.294,-0.819,1.649,1,0,-0,0,-0.000203673,1,-0,-1,-0.000203673})
moveFrame({-0.2975,-0.819,1.649,1,0,-0,0,-0.000203673,1,-0,-1,-0.000203673})
moveFrame({-0.301,-0.819,1.649,1,0,-0,0,-0.000203673,1,-0,-1,-0.000203673})
moveFrame({-0.3045,-0.819,1.649,1,0,-0,0,-0.000203673,1,-0,-1,-0.000203673})
moveFrame({-0.308,-0.819,1.649,1,0,-0,0,-0.000203673,1,-0,-1,-0.000203673})
moveFrame({-0.3115,-0.819,1.649,1,0,-0,0,-0.000203673,1,-0,-1,-0.000203673})
moveFrame({-0.315,-0.819,1.649,1,0,-0,0,-0.000203673,1,-0,-1,-0.000203673})
moveFrame({-0.3185,-0.819,1.649,1,0,-0,0,-0.000203673,1,-0,-1,-0.000203673})
moveFrame({-0.322,-0.819,1.649,1,0,-0,0,-0.000203673,1,-0,-1,-0.000203673})
moveFrame({-0.3255,-0.819,1.649,1,0,-0,0,-0.000203673,1,-0,-1,-0.000203673})
moveFrame({-0.329,-0.819,1.649,1,0,-0,0,-0.000203673,1,-0,-1,-0.000203673})
moveFrame({-0.3325,-0.819,1.649,1,0,-0,0,-0.000203673,1,-0,-1,-0.000203673})
moveFrame({-0.336,-0.819,1.649,1,0,-0,0,-0.000203673,1,-0,-1,-0.000203673})
moveFrame({-0.3395,-0.819,1.649,1,0,-0,0,-0.000203673,1,-0,-1,-0.000203673})
moveFrame({-0.343,-0.819,1.649,1,0,-0,0,-0.000203673,1,-0,-1,-0.000203673})
moveFrame({-0.3465,-0.819,1.649,1,0,-0,0,-0.000203673,1,-0,-1,-0.000203673})
moveFrame({-0.35,-0.819,1.649,1,0,-0,0,-0.000203673,1,-0,-1,-0.000203673})
moveFrame({-0.35,-0.819,1.649,0.99995,-0.00999983,-2.0367e-06,0,-0.000203673,1,-0.00999983,-0.99995,-0.000203663})
moveFrame({-0.35,-0.819,1.649,0.9998,-0.0199987,-4.07319e-06,0,-0.000203673,1,-0.0199987,-0.9998,-0.000203632})
moveFrame({-0.35,-0.819,1.649,0.99955,-0.0299955,-6.10928e-06,0,-0.000203673,1,-0.0299955,-0.99955,-0.000203582})
moveFrame({-0.35,-0.819,1.649,0.9992,-0.0399893,-8.14476e-06,0,-0.000203673,1,-0.0399893,-0.9992,-0.00020351})
moveFrame({-0.35,-0.819,1.649,0.99875,-0.0499792,-1.01794e-05,0,-0.000203673,1,-0.0499792,-0.99875,-0.000203419})
moveFrame({-0.35,-0.819,1.649,0.998201,-0.059964,-1.22131e-05,0,-0.000203673,1,-0.059964,-0.998201,-0.000203307})
moveFrame({-0.35,-0.819,1.649,0.997551,-0.0699428,-1.42455e-05,0,-0.000203673,1,-0.0699428,-0.997551,-0.000203174})
moveFrame({-0.35,-0.819,1.649,0.996802,-0.0799147,-1.62765e-05,0,-0.000203673,1,-0.0799147,-0.996802,-0.000203022})
moveFrame({-0.35,-0.819,1.649,0.995953,-0.0898785,-1.83059e-05,0,-0.000203673,1,-0.0898785,-0.995953,-0.000202849})
moveFrame({-0.35,-0.819,1.649,0.995004,-0.0998334,-2.03334e-05,0,-0.000203673,1,-0.0998334,-0.995004,-0.000202656})
moveFrame({-0.35,-0.819,1.649,0.993956,-0.109778,-2.23589e-05,0,-0.000203673,1,-0.109778,-0.993956,-0.000202442})
moveFrame({-0.35,-0.819,1.649,0.992809,-0.119712,-2.43822e-05,0,-0.000203673,1,-0.119712,-0.992809,-0.000202209})
moveFrame({-0.35,-0.819,1.649,0.991562,-0.129634,-2.6403e-05,0,-0.000203673,1,-0.129634,-0.991562,-0.000201955})
moveFrame({-0.35,-0.819,1.649,0.990216,-0.139543,-2.84212e-05,0,-0.000203673,1,-0.139543,-0.990216,-0.00020168})
moveFrame({-0.35,-0.819,1.649,0.988771,-0.149438,-3.04365e-05,0,-0.000203673,1,-0.149438,-0.988771,-0.000201386})
moveFrame({-0.35,-0.819,1.649,0.987227,-0.159318,-3.24488e-05,0,-0.000203673,1,-0.159318,-0.987227,-0.000201072})
moveFrame({-0.35,-0.819,1.649,0.985585,-0.169182,-3.44579e-05,0,-0.000203673,1,-0.169182,-0.985585,-0.000200737})
moveFrame({-0.35,-0.819,1.649,0.983844,-0.17903,-3.64635e-05,0,-0.000203673,1,-0.17903,-0.983844,-0.000200383})
moveFrame({-0.35,-0.819,1.649,0.982004,-0.188859,-3.84655e-05,0,-0.000203673,1,-0.188859,-0.982004,-0.000200008})
moveFrame({-0.35,-0.819,1.649,0.980067,-0.198669,-4.04636e-05,0,-0.000203673,1,-0.198669,-0.980067,-0.000199613})
moveFrame({-0.35,-0.819,1.649,0.978031,-0.20846,-4.24577e-05,0,-0.000203673,1,-0.20846,-0.978031,-0.000199199})
moveFrame({-0.35,-0.819,1.649,0.975897,-0.21823,-4.44475e-05,0,-0.000203673,1,-0.21823,-0.975897,-0.000198764})
moveFrame({-0.35,-0.819,1.649,0.973666,-0.227978,-4.64329e-05,0,-0.000203673,1,-0.227978,-0.973666,-0.00019831})
moveFrame({-0.35,-0.819,1.649,0.971338,-0.237703,-4.84137e-05,0,-0.000203673,1,-0.237703,-0.971338,-0.000197836})
moveFrame({-0.35,-0.819,1.649,0.968912,-0.247404,-5.03896e-05,0,-0.000203673,1,-0.247404,-0.968912,-0.000197341})
moveFrame({-0.35,-0.819,1.649,0.96639,-0.257081,-5.23604e-05,0,-0.000203673,1,-0.257081,-0.96639,-0.000196828})
moveFrame({-0.35,-0.819,1.649,0.963771,-0.266731,-5.4326e-05,0,-0.000203673,1,-0.266731,-0.963771,-0.000196294})
moveFrame({-0.35,-0.819,1.649,0.961055,-0.276356,-5.62862e-05,0,-0.000203673,1,-0.276356,-0.961055,-0.000195741})
moveFrame({-0.35,-0.819,1.649,0.958244,-0.285952,-5.82408e-05,0,-0.000203673,1,-0.285952,-0.958244,-0.000195169})
moveFrame({-0.35,-0.819,1.649,0.955336,-0.29552,-6.01895e-05,0,-0.000203673,1,-0.29552,-0.955336,-0.000194576})
moveFrame({-0.35,-0.819,1.649,0.952334,-0.305059,-6.21323e-05,0,-0.000203673,1,-0.305059,-0.952334,-0.000193965})
moveFrame({-0.35,-0.819,1.649,0.949235,-0.314567,-6.40688e-05,0,-0.000203673,1,-0.314567,-0.949235,-0.000193334})
moveFrame({-0.35,-0.819,1.649,0.946042,-0.324043,-6.59989e-05,0,-0.000203673,1,-0.324043,-0.946042,-0.000192683})
moveFrame({-0.35,-0.819,1.649,0.942755,-0.333487,-6.79224e-05,0,-0.000203673,1,-0.333487,-0.942755,-0.000192014})
moveFrame({-0.35,-0.819,1.649,0.939373,-0.342898,-6.98391e-05,0,-0.000203673,1,-0.342898,-0.939373,-0.000191325})
moveFrame({-0.35,-0.819,1.649,0.935897,-0.352274,-7.17488e-05,0,-0.000203673,1,-0.352274,-0.935897,-0.000190617})
moveFrame({-0.35,-0.819,1.649,0.932327,-0.361615,-7.36514e-05,0,-0.000203673,1,-0.361615,-0.932327,-0.00018989})
moveFrame({-0.35,-0.819,1.649,0.928665,-0.37092,-7.55466e-05,0,-0.000203673,1,-0.37092,-0.928665,-0.000189144})
moveFrame({-0.35,-0.819,1.649,0.924909,-0.380188,-7.74342e-05,0,-0.000203673,1,-0.380188,-0.924909,-0.000188379})
moveFrame({-0.35,-0.819,1.649,0.921061,-0.389418,-7.93141e-05,0,-0.000203673,1,-0.389418,-0.921061,-0.000187595})
moveFrame({-0.35,-0.819,1.649,0.917121,-0.398609,-8.1186e-05,0,-0.000203673,1,-0.398609,-0.917121,-0.000186793})
moveFrame({-0.35,-0.819,1.649,0.913089,-0.40776,-8.30499e-05,0,-0.000203673,1,-0.40776,-0.913089,-0.000185972})
moveFrame({-0.35,-0.819,1.649,0.908966,-0.416871,-8.49054e-05,0,-0.000203673,1,-0.416871,-0.908966,-0.000185132})
moveFrame({-0.35,-0.819,1.649,0.904752,-0.425939,-8.67525e-05,0,-0.000203673,1,-0.425939,-0.904752,-0.000184274})
moveFrame({-0.35,-0.819,1.649,0.900447,-0.434966,-8.85908e-05,0,-0.000203673,1,-0.434966,-0.900447,-0.000183397})
moveFrame({-0.35,-0.819,1.649,0.896052,-0.443948,-9.04203e-05,0,-0.000203673,1,-0.443948,-0.896052,-0.000182502})
moveFrame({-0.35,-0.819,1.649,0.891568,-0.452886,-9.22408e-05,0,-0.000203673,1,-0.452886,-0.891568,-0.000181589})
moveFrame({-0.35,-0.819,1.649,0.886995,-0.461779,-9.4052e-05,0,-0.000203673,1,-0.461779,-0.886995,-0.000180657})
moveFrame({-0.35,-0.819,1.649,0.882333,-0.470626,-9.58539e-05,0,-0.000203673,1,-0.470626,-0.882333,-0.000179708})
moveFrame({-0.35,-0.819,1.649,0.877583,-0.479426,-9.76461e-05,0,-0.000203673,1,-0.479426,-0.877583,-0.00017874})
moveFrame({-0.35,-0.819,1.649,0.872745,-0.488177,-9.94286e-05,0,-0.000203673,1,-0.488177,-0.872744,-0.000177755})
moveFrame({-0.35,-0.819,1.649,0.867819,-0.49688,-0.000101201,0,-0.000203673,1,-0.49688,-0.867819,-0.000176752})
moveFrame({-0.35,-0.819,1.649,0.862807,-0.505533,-0.000102964,0,-0.000203673,1,-0.505533,-0.862807,-0.000175731})
moveFrame({-0.35,-0.819,1.649,0.857709,-0.514136,-0.000104716,0,-0.000203673,1,-0.514136,-0.857709,-0.000174692})
moveFrame({-0.35,-0.819,1.649,0.852525,-0.522687,-0.000106457,0,-0.000203673,1,-0.522687,-0.852525,-0.000173636})
moveFrame({-0.35,-0.819,1.649,0.847255,-0.531186,-0.000108188,0,-0.000203673,1,-0.531186,-0.847255,-0.000172563})
moveFrame({-0.35,-0.819,1.649,0.841901,-0.539632,-0.000109909,0,-0.000203673,1,-0.539632,-0.841901,-0.000171473})
moveFrame({-0.35,-0.819,1.649,0.836463,-0.548024,-0.000111618,0,-0.000203673,1,-0.548024,-0.836463,-0.000170365})
moveFrame({-0.35,-0.819,1.649,0.830941,-0.556361,-0.000113316,0,-0.000203673,1,-0.556361,-0.830941,-0.00016924})
moveFrame({-0.35,-0.819,1.649,0.825336,-0.564642,-0.000115003,0,-0.000203673,1,-0.564642,-0.825336,-0.000168099})
moveFrame({-0.35,-0.819,1.649,0.819648,-0.572867,-0.000116678,0,-0.000203673,1,-0.572867,-0.819648,-0.00016694})
moveFrame({-0.35,-0.819,1.649,0.813878,-0.581035,-0.000118341,0,-0.000203673,1,-0.581035,-0.813878,-0.000165765})
moveFrame({-0.35,-0.819,1.649,0.808028,-0.589145,-0.000119993,0,-0.000203673,1,-0.589145,-0.808027,-0.000164574})
moveFrame({-0.35,-0.819,1.649,0.802096,-0.597195,-0.000121633,0,-0.000203673,1,-0.597195,-0.802096,-0.000163365})
moveFrame({-0.35,-0.819,1.649,0.796084,-0.605186,-0.00012326,0,-0.000203673,1,-0.605186,-0.796084,-0.000162141})
moveFrame({-0.35,-0.819,1.649,0.789992,-0.613117,-0.000124875,0,-0.000203673,1,-0.613117,-0.789992,-0.0001609})
moveFrame({-0.35,-0.819,1.649,0.783822,-0.620986,-0.000126478,0,-0.000203673,1,-0.620986,-0.783822,-0.000159643})
moveFrame({-0.35,-0.819,1.649,0.777573,-0.628793,-0.000128068,0,-0.000203673,1,-0.628793,-0.777573,-0.000158371})
moveFrame({-0.35,-0.819,1.649,0.771246,-0.636537,-0.000129646,0,-0.000203673,1,-0.636537,-0.771246,-0.000157082})
moveFrame({-0.35,-0.819,1.649,0.764842,-0.644218,-0.00013121,0,-0.000203673,1,-0.644218,-0.764842,-0.000155778})
moveFrame({-0.35,-0.819,1.649,0.758362,-0.651834,-0.000132761,0,-0.000203673,1,-0.651834,-0.758362,-0.000154458})
moveFrame({-0.35,-0.819,1.649,0.751806,-0.659385,-0.000134299,0,-0.000203673,1,-0.659385,-0.751806,-0.000153123})
moveFrame({-0.35,-0.819,1.649,0.745174,-0.66687,-0.000135823,0,-0.000203673,1,-0.66687,-0.745174,-0.000151772})
moveFrame({-0.35,-0.819,1.649,0.738469,-0.674288,-0.000137334,0,-0.000203673,1,-0.674288,-0.738469,-0.000150406})
moveFrame({-0.35,-0.819,1.649,0.731689,-0.681639,-0.000138832,0,-0.000203673,1,-0.681639,-0.731689,-0.000149025})
moveFrame({-0.35,-0.819,1.649,0.724836,-0.688921,-0.000140315,0,-0.000203673,1,-0.688921,-0.724836,-0.00014763})
moveFrame({-0.35,-0.819,1.649,0.717911,-0.696135,-0.000141784,0,-0.000203673,1,-0.696135,-0.717911,-0.000146219})
moveFrame({-0.35,-0.819,1.649,0.710914,-0.703279,-0.000143239,0,-0.000203673,1,-0.703279,-0.710914,-0.000144794})
moveFrame({-0.35,-0.819,1.649,0.703845,-0.710353,-0.00014468,0,-0.000203673,1,-0.710353,-0.703845,-0.000143354})
moveFrame({-0.35,-0.819,1.649,0.696707,-0.717356,-0.000146106,0,-0.000203673,1,-0.717356,-0.696707,-0.0001419})
moveFrame({-0.35,-0.819,1.649,0.689498,-0.724287,-0.000147518,0,-0.000203673,1,-0.724287,-0.689498,-0.000140432})
moveFrame({-0.35,-0.819,1.649,0.682221,-0.731146,-0.000148915,0,-0.000203673,1,-0.731146,-0.682221,-0.00013895})
moveFrame({-0.35,-0.819,1.649,0.674876,-0.737931,-0.000150297,0,-0.000203673,1,-0.737931,-0.674876,-0.000137454})
moveFrame({-0.35,-0.819,1.649,0.667463,-0.744643,-0.000151664,0,-0.000203673,1,-0.744643,-0.667463,-0.000135944})
moveFrame({-0.35,-0.819,1.649,0.659983,-0.75128,-0.000153016,0,-0.000203673,1,-0.75128,-0.659983,-0.000134421})
moveFrame({-0.35,-0.819,1.649,0.652437,-0.757843,-0.000154352,0,-0.000203673,1,-0.757843,-0.652437,-0.000132884})
moveFrame({-0.35,-0.819,1.649,0.644827,-0.764329,-0.000155673,0,-0.000203673,1,-0.764329,-0.644827,-0.000131334})
moveFrame({-0.35,-0.819,1.649,0.637151,-0.770739,-0.000156979,0,-0.000203673,1,-0.770739,-0.637151,-0.000129771})
moveFrame({-0.35,-0.819,1.649,0.629412,-0.777072,-0.000158269,0,-0.000203673,1,-0.777072,-0.629412,-0.000128194})
moveFrame({-0.35,-0.819,1.649,0.62161,-0.783327,-0.000159543,0,-0.000203673,1,-0.783327,-0.62161,-0.000126605})
moveFrame({-0.35,-0.819,1.649,0.613746,-0.789504,-0.000160801,0,-0.000203673,1,-0.789504,-0.613746,-0.000125004})
moveFrame({-0.35,-0.819,1.649,0.60582,-0.795602,-0.000162043,0,-0.000203673,1,-0.795602,-0.60582,-0.000123389})
moveFrame({-0.35,-0.819,1.649,0.597834,-0.80162,-0.000163269,0,-0.000203673,1,-0.80162,-0.597834,-0.000121763})
moveFrame({-0.35,-0.819,1.649,0.589788,-0.807558,-0.000164478,0,-0.000203673,1,-0.807558,-0.589788,-0.000120124})
moveFrame({-0.35,-0.819,1.649,0.581683,-0.813415,-0.000165671,0,-0.000203673,1,-0.813416,-0.581683,-0.000118473})
moveFrame({-0.35,-0.819,1.649,0.57352,-0.819192,-0.000166847,0,-0.000203673,1,-0.819192,-0.57352,-0.000116811})
moveFrame({-0.35,-0.819,1.649,0.5653,-0.824886,-0.000168007,0,-0.000203673,1,-0.824886,-0.5653,-0.000115136})
moveFrame({-0.35,-0.819,1.649,0.557023,-0.830497,-0.00016915,0,-0.000203673,1,-0.830497,-0.557023,-0.000113451})
moveFrame({-0.35,-0.819,1.649,0.54869,-0.836026,-0.000170276,0,-0.000203673,1,-0.836026,-0.54869,-0.000111753})
moveFrame({-0.35,-0.819,1.649,0.540302,-0.841471,-0.000171385,0,-0.000203673,1,-0.841471,-0.540302,-0.000110045})
moveFrame({-0.3465,-0.819,1.6505,0.540302,-0.841471,-0.000171385,0,-0.000203673,1,-0.841471,-0.540302,-0.000110045})
moveFrame({-0.343,-0.819,1.652,0.540302,-0.841471,-0.000171385,0,-0.000203673,1,-0.841471,-0.540302,-0.000110045})
moveFrame({-0.3395,-0.819,1.6535,0.540302,-0.841471,-0.000171385,0,-0.000203673,1,-0.841471,-0.540302,-0.000110045})
moveFrame({-0.336,-0.819,1.655,0.540302,-0.841471,-0.000171385,0,-0.000203673,1,-0.841471,-0.540302,-0.000110045})
moveFrame({-0.3325,-0.819,1.6565,0.540302,-0.841471,-0.000171385,0,-0.000203673,1,-0.841471,-0.540302,-0.000110045})
moveFrame({-0.329,-0.819,1.658,0.540302,-0.841471,-0.000171385,0,-0.000203673,1,-0.841471,-0.540302,-0.000110045})
moveFrame({-0.3255,-0.819,1.6595,0.540302,-0.841471,-0.000171385,0,-0.000203673,1,-0.841471,-0.540302,-0.000110045})
moveFrame({-0.322,-0.819,1.661,0.540302,-0.841471,-0.000171385,0,-0.000203673,1,-0.841471,-0.540302,-0.000110045})
moveFrame({-0.3185,-0.819,1.6625,0.540302,-0.841471,-0.000171385,0,-0.000203673,1,-0.841471,-0.540302,-0.000110045})
moveFrame({-0.315,-0.819,1.664,0.540302,-0.841471,-0.000171385,0,-0.000203673,1,-0.841471,-0.540302,-0.000110045})
moveFrame({-0.3115,-0.819,1.6655,0.540302,-0.841471,-0.000171385,0,-0.000203673,1,-0.841471,-0.540302,-0.000110045})
moveFrame({-0.308,-0.819,1.667,0.540302,-0.841471,-0.000171385,0,-0.000203673,1,-0.841471,-0.540302,-0.000110045})
moveFrame({-0.3045,-0.819,1.6685,0.540302,-0.841471,-0.000171385,0,-0.000203673,1,-0.841471,-0.540302,-0.000110045})
moveFrame({-0.301,-0.819,1.67,0.540302,-0.841471,-0.000171385,0,-0.000203673,1,-0.841471,-0.540302,-0.000110045})
moveFrame({-0.2975,-0.819,1.6715,0.540302,-0.841471,-0.000171385,0,-0.000203673,1,-0.841471,-0.540302,-0.000110045})
moveFrame({-0.294,-0.819,1.673,0.540302,-0.841471,-0.000171385,0,-0.000203673,1,-0.841471,-0.540302,-0.000110045})
moveFrame({-0.2905,-0.819,1.6745,0.540302,-0.841471,-0.000171385,0,-0.000203673,1,-0.841471,-0.540302,-0.000110045})
moveFrame({-0.287,-0.819,1.676,0.540302,-0.841471,-0.000171385,0,-0.000203673,1,-0.841471,-0.540302,-0.000110045})
moveFrame({-0.2835,-0.819,1.6775,0.540302,-0.841471,-0.000171385,0,-0.000203673,1,-0.841471,-0.540302,-0.000110045})
moveFrame({-0.28,-0.819,1.679,0.540302,-0.841471,-0.000171385,0,-0.000203673,1,-0.841471,-0.540302,-0.000110045})
moveFrame({-0.2765,-0.819,1.6805,0.540302,-0.841471,-0.000171385,0,-0.000203673,1,-0.841471,-0.540302,-0.000110045})
moveFrame({-0.273,-0.819,1.682,0.540302,-0.841471,-0.000171385,0,-0.000203673,1,-0.841471,-0.540302,-0.000110045})
moveFrame({-0.2695,-0.819,1.6835,0.540302,-0.841471,-0.000171385,0,-0.000203673,1,-0.841471,-0.540302,-0.000110045})
moveFrame({-0.266,-0.819,1.685,0.540302,-0.841471,-0.000171385,0,-0.000203673,1,-0.841471,-0.540302,-0.000110045})
moveFrame({-0.2625,-0.819,1.6865,0.540302,-0.841471,-0.000171385,0,-0.000203673,1,-0.841471,-0.540302,-0.000110045})
moveFrame({-0.259,-0.819,1.688,0.540302,-0.841471,-0.000171385,0,-0.000203673,1,-0.841471,-0.540302,-0.000110045})
moveFrame({-0.2555,-0.819,1.6895,0.540302,-0.841471,-0.000171385,0,-0.000203673,1,-0.841471,-0.540302,-0.000110045})
moveFrame({-0.252,-0.819,1.691,0.540302,-0.841471,-0.000171385,0,-0.000203673,1,-0.841471,-0.540302,-0.000110045})
moveFrame({-0.2485,-0.819,1.6925,0.540302,-0.841471,-0.000171385,0,-0.000203673,1,-0.841471,-0.540302,-0.000110045})
moveFrame({-0.245,-0.819,1.694,0.540302,-0.841471,-0.000171385,0,-0.000203673,1,-0.841471,-0.540302,-0.000110045})
moveFrame({-0.2415,-0.819,1.6955,0.540302,-0.841471,-0.000171385,0,-0.000203673,1,-0.841471,-0.540302,-0.000110045})
moveFrame({-0.238,-0.819,1.697,0.540302,-0.841471,-0.000171385,0,-0.000203673,1,-0.841471,-0.540302,-0.000110045})
moveFrame({-0.2345,-0.819,1.6985,0.540302,-0.841471,-0.000171385,0,-0.000203673,1,-0.841471,-0.540302,-0.000110045})
moveFrame({-0.231,-0.819,1.7,0.540302,-0.841471,-0.000171385,0,-0.000203673,1,-0.841471,-0.540302,-0.000110045})
moveFrame({-0.2275,-0.819,1.7015,0.540302,-0.841471,-0.000171385,0,-0.000203673,1,-0.841471,-0.540302,-0.000110045})
moveFrame({-0.224,-0.819,1.703,0.540302,-0.841471,-0.000171385,0,-0.000203673,1,-0.841471,-0.540302,-0.000110045})
moveFrame({-0.2205,-0.819,1.7045,0.540302,-0.841471,-0.000171385,0,-0.000203673,1,-0.841471,-0.540302,-0.000110045})
moveFrame({-0.217,-0.819,1.706,0.540302,-0.841471,-0.000171385,0,-0.000203673,1,-0.841471,-0.540302,-0.000110045})
moveFrame({-0.2135,-0.819,1.7075,0.540302,-0.841471,-0.000171385,0,-0.000203673,1,-0.841471,-0.540302,-0.000110045})
moveFrame({-0.21,-0.819,1.709,0.540302,-0.841471,-0.000171385,0,-0.000203673,1,-0.841471,-0.540302,-0.000110045})
moveFrame({-0.2065,-0.819,1.7105,0.540302,-0.841471,-0.000171385,0,-0.000203673,1,-0.841471,-0.540302,-0.000110045})
moveFrame({-0.203,-0.819,1.712,0.540302,-0.841471,-0.000171385,0,-0.000203673,1,-0.841471,-0.540302,-0.000110045})
moveFrame({-0.1995,-0.819,1.7135,0.540302,-0.841471,-0.000171385,0,-0.000203673,1,-0.841471,-0.540302,-0.000110045})
moveFrame({-0.196,-0.819,1.715,0.540302,-0.841471,-0.000171385,0,-0.000203673,1,-0.841471,-0.540302,-0.000110045})
moveFrame({-0.1925,-0.819,1.7165,0.540302,-0.841471,-0.000171385,0,-0.000203673,1,-0.841471,-0.540302,-0.000110045})
moveFrame({-0.189,-0.819,1.718,0.540302,-0.841471,-0.000171385,0,-0.000203673,1,-0.841471,-0.540302,-0.000110045})
moveFrame({-0.1855,-0.819,1.7195,0.540302,-0.841471,-0.000171385,0,-0.000203673,1,-0.841471,-0.540302,-0.000110045})
moveFrame({-0.182,-0.819,1.721,0.540302,-0.841471,-0.000171385,0,-0.000203673,1,-0.841471,-0.540302,-0.000110045})
moveFrame({-0.1785,-0.819,1.7225,0.540302,-0.841471,-0.000171385,0,-0.000203673,1,-0.841471,-0.540302,-0.000110045})
moveFrame({-0.175,-0.819,1.724,0.540302,-0.841471,-0.000171385,0,-0.000203673,1,-0.841471,-0.540302,-0.000110045})
moveFrame({-0.1715,-0.819,1.7255,0.540302,-0.841471,-0.000171385,0,-0.000203673,1,-0.841471,-0.540302,-0.000110045})
moveFrame({-0.168,-0.819,1.727,0.540302,-0.841471,-0.000171385,0,-0.000203673,1,-0.841471,-0.540302,-0.000110045})
moveFrame({-0.1645,-0.819,1.7285,0.540302,-0.841471,-0.000171385,0,-0.000203673,1,-0.841471,-0.540302,-0.000110045})
moveFrame({-0.161,-0.819,1.73,0.540302,-0.841471,-0.000171385,0,-0.000203673,1,-0.841471,-0.540302,-0.000110045})
moveFrame({-0.1575,-0.819,1.7315,0.540302,-0.841471,-0.000171385,0,-0.000203673,1,-0.841471,-0.540302,-0.000110045})
moveFrame({-0.154,-0.819,1.733,0.540302,-0.841471,-0.000171385,0,-0.000203673,1,-0.841471,-0.540302,-0.000110045})
moveFrame({-0.1505,-0.819,1.7345,0.540302,-0.841471,-0.000171385,0,-0.000203673,1,-0.841471,-0.540302,-0.000110045})
moveFrame({-0.147,-0.819,1.736,0.540302,-0.841471,-0.000171385,0,-0.000203673,1,-0.841471,-0.540302,-0.000110045})
moveFrame({-0.1435,-0.819,1.7375,0.540302,-0.841471,-0.000171385,0,-0.000203673,1,-0.841471,-0.540302,-0.000110045})
moveFrame({-0.14,-0.819,1.739,0.540302,-0.841471,-0.000171385,0,-0.000203673,1,-0.841471,-0.540302,-0.000110045})
moveFrame({-0.1365,-0.819,1.7405,0.540302,-0.841471,-0.000171385,0,-0.000203673,1,-0.841471,-0.540302,-0.000110045})
moveFrame({-0.133,-0.819,1.742,0.540302,-0.841471,-0.000171385,0,-0.000203673,1,-0.841471,-0.540302,-0.000110045})
moveFrame({-0.1295,-0.819,1.7435,0.540302,-0.841471,-0.000171385,0,-0.000203673,1,-0.841471,-0.540302,-0.000110045})
moveFrame({-0.126,-0.819,1.745,0.540302,-0.841471,-0.000171385,0,-0.000203673,1,-0.841471,-0.540302,-0.000110045})
moveFrame({-0.1225,-0.819,1.7465,0.540302,-0.841471,-0.000171385,0,-0.000203673,1,-0.841471,-0.540302,-0.000110045})
moveFrame({-0.119,-0.819,1.748,0.540302,-0.841471,-0.000171385,0,-0.000203673,1,-0.841471,-0.540302,-0.000110045})
moveFrame({-0.1155,-0.819,1.7495,0.540302,-0.841471,-0.000171385,0,-0.000203673,1,-0.841471,-0.540302,-0.000110045})
moveFrame({-0.112,-0.819,1.751,0.540302,-0.841471,-0.000171385,0,-0.000203673,1,-0.841471,-0.540302,-0.000110045})
moveFrame({-0.1085,-0.819,1.7525,0.540302,-0.841471,-0.000171385,0,-0.000203673,1,-0.841471,-0.540302,-0.000110045})
moveFrame({-0.105,-0.819,1.754,0.540302,-0.841471,-0.000171385,0,-0.000203673,1,-0.841471,-0.540302,-0.000110045})
moveFrame({-0.1015,-0.819,1.7555,0.540302,-0.841471,-0.000171385,0,-0.000203673,1,-0.841471,-0.540302,-0.000110045})
moveFrame({-0.098,-0.819,1.757,0.540302,-0.841471,-0.000171385,0,-0.000203673,1,-0.841471,-0.540302,-0.000110045})
moveFrame({-0.0945,-0.819,1.7585,0.540302,-0.841471,-0.000171385,0,-0.000203673,1,-0.841471,-0.540302,-0.000110045})
moveFrame({-0.091,-0.819,1.76,0.540302,-0.841471,-0.000171385,0,-0.000203673,1,-0.841471,-0.540302,-0.000110045})
moveFrame({-0.0875,-0.819,1.7615,0.540302,-0.841471,-0.000171385,0,-0.000203673,1,-0.841471,-0.540302,-0.000110045})
moveFrame({-0.084,-0.819,1.763,0.540302,-0.841471,-0.000171385,0,-0.000203673,1,-0.841471,-0.540302,-0.000110045})
moveFrame({-0.0805,-0.819,1.7645,0.540302,-0.841471,-0.000171385,0,-0.000203673,1,-0.841471,-0.540302,-0.000110045})
moveFrame({-0.077,-0.819,1.766,0.540302,-0.841471,-0.000171385,0,-0.000203673,1,-0.841471,-0.540302,-0.000110045})
moveFrame({-0.0735,-0.819,1.7675,0.540302,-0.841471,-0.000171385,0,-0.000203673,1,-0.841471,-0.540302,-0.000110045})
moveFrame({-0.07,-0.819,1.769,0.540302,-0.841471,-0.000171385,0,-0.000203673,1,-0.841471,-0.540302,-0.000110045})
moveFrame({-0.0665,-0.819,1.7705,0.540302,-0.841471,-0.000171385,0,-0.000203673,1,-0.841471,-0.540302,-0.000110045})
moveFrame({-0.063,-0.819,1.772,0.540302,-0.841471,-0.000171385,0,-0.000203673,1,-0.841471,-0.540302,-0.000110045})
moveFrame({-0.0595,-0.819,1.7735,0.540302,-0.841471,-0.000171385,0,-0.000203673,1,-0.841471,-0.540302,-0.000110045})
moveFrame({-0.056,-0.819,1.775,0.540302,-0.841471,-0.000171385,0,-0.000203673,1,-0.841471,-0.540302,-0.000110045})
moveFrame({-0.0525,-0.819,1.7765,0.540302,-0.841471,-0.000171385,0,-0.000203673,1,-0.841471,-0.540302,-0.000110045})
moveFrame({-0.049,-0.819,1.778,0.540302,-0.841471,-0.000171385,0,-0.000203673,1,-0.841471,-0.540302,-0.000110045})
moveFrame({-0.0455,-0.819,1.7795,0.540302,-0.841471,-0.000171385,0,-0.000203673,1,-0.841471,-0.540302,-0.000110045})
moveFrame({-0.042,-0.819,1.781,0.540302,-0.841471,-0.000171385,0,-0.000203673,1,-0.841471,-0.540302,-0.000110045})
moveFrame({-0.0385,-0.819,1.7825,0.540302,-0.841471,-0.000171385,0,-0.000203673,1,-0.841471,-0.540302,-0.000110045})
moveFrame({-0.035,-0.819,1.784,0.540302,-0.841471,-0.000171385,0,-0.000203673,1,-0.841471,-0.540302,-0.000110045})
moveFrame({-0.0315,-0.819,1.7855,0.540302,-0.841471,-0.000171385,0,-0.000203673,1,-0.841471,-0.540302,-0.000110045})
moveFrame({-0.028,-0.819,1.787,0.540302,-0.841471,-0.000171385,0,-0.000203673,1,-0.841471,-0.540302,-0.000110045})
moveFrame({-0.0245,-0.819,1.7885,0.540302,-0.841471,-0.000171385,0,-0.000203673,1,-0.841471,-0.540302,-0.000110045})
moveFrame({-0.021,-0.819,1.79,0.540302,-0.841471,-0.000171385,0,-0.000203673,1,-0.841471,-0.540302,-0.000110045})
moveFrame({-0.0175,-0.819,1.7915,0.540302,-0.841471,-0.000171385,0,-0.000203673,1,-0.841471,-0.540302,-0.000110045})
moveFrame({-0.014,-0.819,1.793,0.540302,-0.841471,-0.000171385,0,-0.000203673,1,-0.841471,-0.540302,-0.000110045})
moveFrame({-0.0105,-0.819,1.7945,0.540302,-0.841471,-0.000171385,0,-0.000203673,1,-0.841471,-0.540302,-0.000110045})
moveFrame({-0.007,-0.819,1.796,0.540302,-0.841471,-0.000171385,0,-0.000203673,1,-0.841471,-0.540302,-0.000110045})
moveFrame({-0.0035,-0.819,1.7975,0.540302,-0.841471,-0.000171385,0,-0.000203673,1,-0.841471,-0.540302,-0.000110045})
moveFrame({0,-0.819,1.799,0.540302,-0.841471,-0.000171385,0,-0.000203673,1,-0.841471,-0.540302,-0.000110045})
moveFrame({0,-0.819,1.799,0.540302,-0.841471,-0.000171385,0,-0.000203673,1,-0.841471,-0.540302,-0.000110045})
moveFrame({0,-0.819,1.799,0.540302,-0.841471,-0.000171385,0,-0.000203673,1,-0.841471,-0.540302,-0.000110045})
moveFrame({0,-0.819,1.799,0.540302,-0.841471,-0.000171385,0,-0.000203673,1,-0.841471,-0.540302,-0.000110045})
moveFrame({0,-0.819,1.799,0.540302,-0.841471,-0.000171385,0,-0.000203673,1,-0.841471,-0.540302,-0.000110045})
moveFrame({0,-0.819,1.799,0.540302,-0.841471,-0.000171385,0,-0.000203673,1,-0.841471,-0.540302,-0.000110045})
moveFrame({0,-0.819,1.799,0.540302,-0.841471,-0.000171385,0,-0.000203673,1,-0.841471,-0.540302,-0.000110045})
moveFrame({0,-0.819,1.799,0.540302,-0.841471,-0.000171385,0,-0.000203673,1,-0.841471,-0.540302,-0.000110045})
moveFrame({0,-0.819,1.799,0.540302,-0.841471,-0.000171385,0,-0.000203673,1,-0.841471,-0.540302,-0.000110045})
moveFrame({0,-0.819,1.799,0.540302,-0.841471,-0.000171385,0,-0.000203673,1,-0.841471,-0.540302,-0.000110045})
moveFrame({0,-0.819,1.799,0.540302,-0.841471,-0.000171385,0,-0.000203673,1,-0.841471,-0.540302,-0.000110045})
moveFrame({0,-0.819,1.799,0.540302,-0.841471,-0.000171385,0,-0.000203673,1,-0.841471,-0.540302,-0.000110045})
moveFrame({0,-0.819,1.799,0.540302,-0.841471,-0.000171385,0,-0.000203673,1,-0.841471,-0.540302,-0.000110045})
moveFrame({0,-0.819,1.799,0.540302,-0.841471,-0.000171385,0,-0.000203673,1,-0.841471,-0.540302,-0.000110045})
moveFrame({0,-0.819,1.799,0.540302,-0.841471,-0.000171385,0,-0.000203673,1,-0.841471,-0.540302,-0.000110045})
moveFrame({0,-0.819,1.799,0.540302,-0.841471,-0.000171385,0,-0.000203673,1,-0.841471,-0.540302,-0.000110045})
moveFrame({0,-0.819,1.799,0.540302,-0.841471,-0.000171385,0,-0.000203673,1,-0.841471,-0.540302,-0.000110045})
moveFrame({0,-0.819,1.799,0.540302,-0.841471,-0.000171385,0,-0.000203673,1,-0.841471,-0.540302,-0.000110045})
moveFrame({0,-0.819,1.799,0.540302,-0.841471,-0.000171385,0,-0.000203673,1,-0.841471,-0.540302,-0.000110045})
moveFrame({0,-0.819,1.799,0.540302,-0.841471,-0.000171385,0,-0.000203673,1,-0.841471,-0.540302,-0.000110045})
moveFrame({0,-0.819,1.799,0.540302,-0.841471,-0.000171385,0,-0.000203673,1,-0.841471,-0.540302,-0.000110045})
moveFrame({0,-0.819,1.799,0.540302,-0.841471,-0.000171385,0,-0.000203673,1,-0.841471,-0.540302,-0.000110045})
moveFrame({0,-0.819,1.799,0.540302,-0.841471,-0.000171385,0,-0.000203673,1,-0.841471,-0.540302,-0.000110045})
moveFrame({0,-0.819,1.799,0.540302,-0.841471,-0.000171385,0,-0.000203673,1,-0.841471,-0.540302,-0.000110045})
moveFrame({0,-0.819,1.799,0.540302,-0.841471,-0.000171385,0,-0.000203673,1,-0.841471,-0.540302,-0.000110045})
moveFrame({0,-0.819,1.799,0.540302,-0.841471,-0.000171385,0,-0.000203673,1,-0.841471,-0.540302,-0.000110045})
moveFrame({0,-0.819,1.799,0.540302,-0.841471,-0.000171385,0,-0.000203673,1,-0.841471,-0.540302,-0.000110045})
moveFrame({0,-0.819,1.799,0.540302,-0.841471,-0.000171385,0,-0.000203673,1,-0.841471,-0.540302,-0.000110045})
moveFrame({0,-0.819,1.799,0.540302,-0.841471,-0.000171385,0,-0.000203673,1,-0.841471,-0.540302,-0.000110045})
moveFrame({0,-0.819,1.799,0.540302,-0.841471,-0.000171385,0,-0.000203673,1,-0.841471,-0.540302,-0.000110045})
moveFrame({0,-0.819,1.799,0.540302,-0.841471,-0.000171385,0,-0.000203673,1,-0.841471,-0.540302,-0.000110045})
moveFrame({0,-0.819,1.799,0.540302,-0.841471,-0.000171385,0,-0.000203673,1,-0.841471,-0.540302,-0.000110045})
moveFrame({0,-0.819,1.799,0.540302,-0.841471,-0.000171385,0,-0.000203673,1,-0.841471,-0.540302,-0.000110045})
moveFrame({0,-0.819,1.799,0.540302,-0.841471,-0.000171385,0,-0.000203673,1,-0.841471,-0.540302,-0.000110045})
moveFrame({0,-0.819,1.799,0.540302,-0.841471,-0.000171385,0,-0.000203673,1,-0.841471,-0.540302,-0.000110045})
moveFrame({0,-0.819,1.799,0.540302,-0.841471,-0.000171385,0,-0.000203673,1,-0.841471,-0.540302,-0.000110045})
moveFrame({0,-0.819,1.799,0.540302,-0.841471,-0.000171385,0,-0.000203673,1,-0.841471,-0.540302,-0.000110045})
moveFrame({0,-0.819,1.799,0.540302,-0.841471,-0.000171385,0,-0.000203673,1,-0.841471,-0.540302,-0.000110045})
moveFrame({0,-0.819,1.799,0.540302,-0.841471,-0.000171385,0,-0.000203673,1,-0.841471,-0.540302,-0.000110045})
moveFrame({0,-0.819,1.799,0.540302,-0.841471,-0.000171385,0,-0.000203673,1,-0.841471,-0.540302,-0.000110045})
moveFrame({0,-0.819,1.799,0.540302,-0.841471,-0.000171385,0,-0.000203673,1,-0.841471,-0.540302,-0.000110045})
moveFrame({0,-0.819,1.799,0.540302,-0.841471,-0.000171385,0,-0.000203673,1,-0.841471,-0.540302,-0.000110045})
moveFrame({0,-0.819,1.799,0.540302,-0.841471,-0.000171385,0,-0.000203673,1,-0.841471,-0.540302,-0.000110045})
moveFrame({0,-0.819,1.799,0.540302,-0.841471,-0.000171385,0,-0.000203673,1,-0.841471,-0.540302,-0.000110045})
moveFrame({0,-0.819,1.799,0.540302,-0.841471,-0.000171385,0,-0.000203673,1,-0.841471,-0.540302,-0.000110045})
moveFrame({0,-0.819,1.799,0.540302,-0.841471,-0.000171385,0,-0.000203673,1,-0.841471,-0.540302,-0.000110045})
moveFrame({0,-0.819,1.799,0.540302,-0.841471,-0.000171385,0,-0.000203673,1,-0.841471,-0.540302,-0.000110045})
moveFrame({0,-0.819,1.799,0.540302,-0.841471,-0.000171385,0,-0.000203673,1,-0.841471,-0.540302,-0.000110045})
moveFrame({0,-0.819,1.799,0.540302,-0.841471,-0.000171385,0,-0.000203673,1,-0.841471,-0.540302,-0.000110045})
moveFrame({0,-0.819,1.799,0.540302,-0.841471,-0.000171385,0,-0.000203673,1,-0.841471,-0.540302,-0.000110045})
moveFrame({0,-0.819,1.799,0.540302,-0.841471,-0.000171385,0,-0.000203673,1,-0.841471,-0.540302,-0.000110045})
moveFrame({0,-0.819,1.799,0.540302,-0.841471,-0.000171385,0,-0.000203673,1,-0.841471,-0.540302,-0.000110045})
moveFrame({0,-0.819,1.799,0.540302,-0.841471,-0.000171385,0,-0.000203673,1,-0.841471,-0.540302,-0.000110045})
moveFrame({0,-0.819,1.799,0.540302,-0.841471,-0.000171385,0,-0.000203673,1,-0.841471,-0.540302,-0.000110045})
moveFrame({0,-0.819,1.799,0.540302,-0.841471,-0.000171385,0,-0.000203673,1,-0.841471,-0.540302,-0.000110045})
moveFrame({0,-0.819,1.799,0.540302,-0.841471,-0.000171385,0,-0.000203673,1,-0.841471,-0.540302,-0.000110045})
moveFrame({0,-0.819,1.799,0.540302,-0.841471,-0.000171385,0,-0.000203673,1,-0.841471,-0.540302,-0.000110045})
moveFrame({0,-0.819,1.799,0.540302,-0.841471,-0.000171385,0,-0.000203673,1,-0.841471,-0.540302,-0.000110045})
moveFrame({0,-0.819,1.799,0.540302,-0.841471,-0.000171385,0,-0.000203673,1,-0.841471,-0.540302,-0.000110045})
moveFrame({0,-0.819,1.799,0.540302,-0.841471,-0.000171385,0,-0.000203673,1,-0.841471,-0.540302,-0.000110045})
moveFrame({0,-0.819,1.799,0.540302,-0.841471,-0.000171385,0,-0.000203673,1,-0.841471,-0.540302,-0.000110045})
moveFrame({0,-0.819,1.799,0.540302,-0.841471,-0.000171385,0,-0.000203673,1,-0.841471,-0.540302,-0.000110045})
moveFrame({0,-0.819,1.799,0.540302,-0.841471,-0.000171385,0,-0.000203673,1,-0.841471,-0.540302,-0.000110045})
moveFrame({0,-0.819,1.799,0.540302,-0.841471,-0.000171385,0,-0.000203673,1,-0.841471,-0.540302,-0.000110045})
moveFrame({0,-0.819,1.799,0.540302,-0.841471,-0.000171385,0,-0.000203673,1,-0.841471,-0.540302,-0.000110045})
moveFrame({0,-0.819,1.799,0.540302,-0.841471,-0.000171385,0,-0.000203673,1,-0.841471,-0.540302,-0.000110045})
moveFrame({0,-0.819,1.799,0.540302,-0.841471,-0.000171385,0,-0.000203673,1,-0.841471,-0.540302,-0.000110045})
moveFrame({0,-0.819,1.799,0.540302,-0.841471,-0.000171385,0,-0.000203673,1,-0.841471,-0.540302,-0.000110045})
moveFrame({0,-0.819,1.799,0.540302,-0.841471,-0.000171385,0,-0.000203673,1,-0.841471,-0.540302,-0.000110045})
moveFrame({0,-0.819,1.799,0.540302,-0.841471,-0.000171385,0,-0.000203673,1,-0.841471,-0.540302,-0.000110045})
moveFrame({0,-0.819,1.799,0.540302,-0.841471,-0.000171385,0,-0.000203673,1,-0.841471,-0.540302,-0.000110045})
moveFrame({0,-0.819,1.799,0.540302,-0.841471,-0.000171385,0,-0.000203673,1,-0.841471,-0.540302,-0.000110045})
moveFrame({0,-0.819,1.799,0.540302,-0.841471,-0.000171385,0,-0.000203673,1,-0.841471,-0.540302,-0.000110045})
moveFrame({0,-0.819,1.799,0.540302,-0.841471,-0.000171385,0,-0.000203673,1,-0.841471,-0.540302,-0.000110045})
moveFrame({0,-0.819,1.799,0.540302,-0.841471,-0.000171385,0,-0.000203673,1,-0.841471,-0.540302,-0.000110045})
moveFrame({0,-0.819,1.799,0.540302,-0.841471,-0.000171385,0,-0.000203673,1,-0.841471,-0.540302,-0.000110045})
moveFrame({0,-0.819,1.799,0.540302,-0.841471,-0.000171385,0,-0.000203673,1,-0.841471,-0.540302,-0.000110045})
moveFrame({0,-0.819,1.799,0.540302,-0.841471,-0.000171385,0,-0.000203673,1,-0.841471,-0.540302,-0.000110045})
moveFrame({0,-0.819,1.799,0.540302,-0.841471,-0.000171385,0,-0.000203673,1,-0.841471,-0.540302,-0.000110045})
moveFrame({0,-0.819,1.799,0.540302,-0.841471,-0.000171385,0,-0.000203673,1,-0.841471,-0.540302,-0.000110045})
moveFrame({0,-0.819,1.799,0.540302,-0.841471,-0.000171385,0,-0.000203673,1,-0.841471,-0.540302,-0.000110045})
moveFrame({0,-0.819,1.799,0.540302,-0.841471,-0.000171385,0,-0.000203673,1,-0.841471,-0.540302,-0.000110045})
moveFrame({0,-0.819,1.799,0.540302,-0.841471,-0.000171385,0,-0.000203673,1,-0.841471,-0.540302,-0.000110045})
moveFrame({0,-0.819,1.799,0.540302,-0.841471,-0.000171385,0,-0.000203673,1,-0.841471,-0.540302,-0.000110045})
moveFrame({0,-0.819,1.799,0.540302,-0.841471,-0.000171385,0,-0.000203673,1,-0.841471,-0.540302,-0.000110045})
moveFrame({0,-0.819,1.799,0.540302,-0.841471,-0.000171385,0,-0.000203673,1,-0.841471,-0.540302,-0.000110045})
moveFrame({0,-0.819,1.799,0.540302,-0.841471,-0.000171385,0,-0.000203673,1,-0.841471,-0.540302,-0.000110045})
moveFrame({0,-0.819,1.799,0.540302,-0.841471,-0.000171385,0,-0.000203673,1,-0.841471,-0.540302,-0.000110045})
moveFrame({0,-0.819,1.799,0.540302,-0.841471,-0.000171385,0,-0.000203673,1,-0.841471,-0.540302,-0.000110045})
moveFrame({0,-0.819,1.799,0.540302,-0.841471,-0.000171385,0,-0.000203673,1,-0.841471,-0.540302,-0.000110045})
moveFrame({0,-0.819,1.799,0.540302,-0.841471,-0.000171385,0,-0.000203673,1,-0.841471,-0.540302,-0.000110045})
moveFrame({0,-0.819,1.799,0.540302,-0.841471,-0.000171385,0,-0.000203673,1,-0.841471,-0.540302,-0.000110045})
moveFrame({0,-0.819,1.799,0.540302,-0.841471,-0.000171385,0,-0.000203673,1,-0.841471,-0.540302,-0.000110045})
moveFrame({0,-0.819,1.799,0.540302,-0.841471,-0.000171385,0,-0.000203673,1,-0.841471,-0.540302,-0.000110045})
moveFrame({0,-0.819,1.799,0.540302,-0.841471,-0.000171385,0,-0.000203673,1,-0.841471,-0.540302,-0.000110045})
moveFrame({0,-0.819,1.799,0.540302,-0.841471,-0.000171385,0,-0.000203673,1,-0.841471,-0.540302,-0.000110045})
moveFrame({0,-0.819,1.799,0.540302,-0.841471,-0.000171385,0,-0.000203673,1,-0.841471,-0.540302,-0.000110045})
moveFrame({0,-0.819,1.799,0.540302,-0.841471,-0.000171385,0,-0.000203673,1,-0.841471,-0.540302,-0.000110045})
moveFrame({0,-0.819,1.799,0.540302,-0.841471,-0.000171385,0,-0.000203673,1,-0.841471,-0.540302,-0.000110045})
moveFrame({0,-0.819,1.799,0.540302,-0.841471,-0.000171385,0,-0.000203673,1,-0.841471,-0.540302,-0.000110045})
moveFrame({0,-0.819,1.799,0.540302,-0.841471,-0.000171385,0,-0.000203673,1,-0.841471,-0.540302,-0.000110045})
moveFrame({-0.0035,-0.819,1.799,0.531861,-0.846832,-0.000172477,0,-0.000203673,1,-0.846832,-0.531861,-0.000108326})
moveFrame({-0.007,-0.819,1.799,0.523366,-0.852108,-0.000173552,0,-0.000203673,1,-0.852108,-0.523366,-0.000106596})
moveFrame({-0.0105,-0.819,1.799,0.514819,-0.857299,-0.000174609,0,-0.000203673,1,-0.857299,-0.514819,-0.000104855})
moveFrame({-0.014,-0.819,1.799,0.50622,-0.862404,-0.000175649,0,-0.000203673,1,-0.862404,-0.50622,-0.000103104})
moveFrame({-0.0175,-0.819,1.799,0.497571,-0.867423,-0.000176671,0,-0.000203673,1,-0.867423,-0.497571,-0.000101342})
moveFrame({-0.021,-0.819,1.799,0.488872,-0.872355,-0.000177675,0,-0.000203673,1,-0.872355,-0.488872,-9.95701e-05})
moveFrame({-0.0245,-0.819,1.799,0.480124,-0.8772,-0.000178662,0,-0.000203673,1,-0.877201,-0.480124,-9.77884e-05})
moveFrame({-0.028,-0.819,1.799,0.471328,-0.881958,-0.000179631,0,-0.000203673,1,-0.881958,-0.471328,-9.5997e-05})
moveFrame({-0.0315,-0.819,1.799,0.462485,-0.886627,-0.000180582,0,-0.000203673,1,-0.886627,-0.462485,-9.41959e-05})
moveFrame({-0.035,-0.819,1.799,0.453596,-0.891207,-0.000181515,0,-0.000203673,1,-0.891207,-0.453596,-9.23854e-05})
moveFrame({-0.0385,-0.819,1.799,0.444662,-0.895699,-0.00018243,0,-0.000203673,1,-0.895699,-0.444662,-9.05656e-05})
moveFrame({-0.042,-0.819,1.799,0.435682,-0.9001,-0.000183326,0,-0.000203673,1,-0.9001,-0.435682,-8.87368e-05})
moveFrame({-0.0455,-0.819,1.799,0.42666,-0.904412,-0.000184205,0,-0.000203673,1,-0.904412,-0.42666,-8.68992e-05})
moveFrame({-0.049,-0.819,1.799,0.417595,-0.908633,-0.000185064,0,-0.000203673,1,-0.908633,-0.417594,-8.50528e-05})
moveFrame({-0.0525,-0.819,1.799,0.408487,-0.912764,-0.000185906,0,-0.000203673,1,-0.912764,-0.408487,-8.31979e-05})
moveFrame({-0.056,-0.819,1.799,0.39934,-0.916803,-0.000186728,0,-0.000203673,1,-0.916803,-0.39934,-8.13348e-05})
moveFrame({-0.0595,-0.819,1.799,0.390152,-0.920751,-0.000187532,0,-0.000203673,1,-0.920751,-0.390152,-7.94634e-05})
moveFrame({-0.063,-0.819,1.799,0.380925,-0.924606,-0.000188317,0,-0.000203673,1,-0.924606,-0.380925,-7.75842e-05})
moveFrame({-0.0665,-0.819,1.799,0.37166,-0.928369,-0.000189084,0,-0.000203673,1,-0.928369,-0.37166,-7.56972e-05})
moveFrame({-0.07,-0.819,1.799,0.362358,-0.932039,-0.000189831,0,-0.000203673,1,-0.932039,-0.362358,-7.38026e-05})
moveFrame({-0.0735,-0.819,1.799,0.353019,-0.935616,-0.00019056,0,-0.000203673,1,-0.935616,-0.353019,-7.19006e-05})
moveFrame({-0.077,-0.819,1.799,0.343646,-0.939099,-0.000191269,0,-0.000203673,1,-0.939099,-0.343646,-6.99914e-05})
moveFrame({-0.0805,-0.819,1.799,0.334238,-0.942489,-0.00019196,0,-0.000203673,1,-0.942489,-0.334238,-6.80753e-05})
moveFrame({-0.084,-0.819,1.799,0.324796,-0.945784,-0.000192631,0,-0.000203673,1,-0.945784,-0.324796,-6.61523e-05})
moveFrame({-0.0875,-0.819,1.799,0.315322,-0.948985,-0.000193283,0,-0.000203673,1,-0.948985,-0.315322,-6.42227e-05})
moveFrame({-0.091,-0.819,1.799,0.305817,-0.95209,-0.000193915,0,-0.000203673,1,-0.95209,-0.305817,-6.22867e-05})
moveFrame({-0.0945,-0.819,1.799,0.296281,-0.955101,-0.000194528,0,-0.000203673,1,-0.955101,-0.296281,-6.03445e-05})
moveFrame({-0.098,-0.819,1.799,0.286715,-0.958016,-0.000195122,0,-0.000203673,1,-0.958016,-0.286715,-5.83962e-05})
moveFrame({-0.1015,-0.819,1.799,0.277121,-0.960835,-0.000195696,0,-0.000203673,1,-0.960835,-0.277121,-5.64421e-05})
moveFrame({-0.105,-0.819,1.799,0.267499,-0.963558,-0.000196251,0,-0.000203673,1,-0.963558,-0.267499,-5.44823e-05})
moveFrame({-0.1085,-0.819,1.799,0.25785,-0.966185,-0.000196786,0,-0.000203673,1,-0.966185,-0.25785,-5.25171e-05})
moveFrame({-0.112,-0.819,1.799,0.248175,-0.968715,-0.000197301,0,-0.000203673,1,-0.968715,-0.248175,-5.05467e-05})
moveFrame({-0.1155,-0.819,1.799,0.238476,-0.971148,-0.000197797,0,-0.000203673,1,-0.971148,-0.238476,-4.85712e-05})
moveFrame({-0.119,-0.819,1.799,0.228753,-0.973485,-0.000198273,0,-0.000203673,1,-0.973485,-0.228753,-4.65908e-05})
moveFrame({-0.1225,-0.819,1.799,0.219007,-0.975723,-0.000198729,0,-0.000203673,1,-0.975723,-0.219007,-4.46058e-05})
moveFrame({-0.126,-0.819,1.799,0.209239,-0.977865,-0.000199165,0,-0.000203673,1,-0.977865,-0.209239,-4.26163e-05})
moveFrame({-0.1295,-0.819,1.799,0.19945,-0.979908,-0.000199581,0,-0.000203673,1,-0.979908,-0.19945,-4.06226e-05})
moveFrame({-0.133,-0.819,1.799,0.189641,-0.981854,-0.000199977,0,-0.000203673,1,-0.981854,-0.189641,-3.86248e-05})
moveFrame({-0.1365,-0.819,1.799,0.179813,-0.983701,-0.000200353,0,-0.000203673,1,-0.983701,-0.179813,-3.66231e-05})
moveFrame({-0.14,-0.819,1.799,0.169967,-0.98545,-0.00020071,0,-0.000203673,1,-0.98545,-0.169967,-3.46178e-05})
moveFrame({-0.1435,-0.819,1.799,0.160104,-0.9871,-0.000201046,0,-0.000203673,1,-0.9871,-0.160104,-3.2609e-05})
moveFrame({-0.147,-0.819,1.799,0.150225,-0.988652,-0.000201362,0,-0.000203673,1,-0.988652,-0.150225,-3.05969e-05})
moveFrame({-0.1505,-0.819,1.799,0.140332,-0.990105,-0.000201658,0,-0.000203673,1,-0.990105,-0.140332,-2.85818e-05})
moveFrame({-0.154,-0.819,1.799,0.130424,-0.991458,-0.000201933,0,-0.000203673,1,-0.991458,-0.130424,-2.65638e-05})
moveFrame({-0.1575,-0.819,1.799,0.120503,-0.992713,-0.000202189,0,-0.000203673,1,-0.992713,-0.120503,-2.45432e-05})
moveFrame({-0.161,-0.819,1.799,0.11057,-0.993868,-0.000202424,0,-0.000203673,1,-0.993868,-0.11057,-2.25201e-05})
moveFrame({-0.1645,-0.819,1.799,0.100626,-0.994924,-0.000202639,0,-0.000203673,1,-0.994924,-0.100626,-2.04948e-05})
moveFrame({-0.168,-0.819,1.799,0.0906716,-0.995881,-0.000202834,0,-0.000203673,1,-0.995881,-0.0906716,-1.84674e-05})
moveFrame({-0.1715,-0.819,1.799,0.0807084,-0.996738,-0.000203009,0,-0.000203673,1,-0.996738,-0.0807084,-1.64381e-05})
moveFrame({-0.175,-0.819,1.799,0.0707372,-0.997495,-0.000203163,0,-0.000203673,1,-0.997495,-0.0707372,-1.44073e-05})
moveFrame({-0.1785,-0.819,1.799,0.0607589,-0.998152,-0.000203297,0,-0.000203673,1,-0.998152,-0.0607589,-1.2375e-05})
moveFrame({-0.182,-0.819,1.799,0.0507745,-0.99871,-0.00020341,0,-0.000203673,1,-0.99871,-0.0507745,-1.03414e-05})
moveFrame({-0.1855,-0.819,1.799,0.040785,-0.999168,-0.000203504,0,-0.000203673,1,-0.999168,-0.040785,-8.30681e-06})
moveFrame({-0.189,-0.819,1.799,0.0307915,-0.999526,-0.000203577,0,-0.000203673,1,-0.999526,-0.0307915,-6.2714e-06})
moveFrame({-0.1925,-0.819,1.799,0.0207948,-0.999784,-0.000203629,0,-0.000203673,1,-0.999784,-0.0207948,-4.23535e-06})
moveFrame({-0.196,-0.819,1.799,0.0107961,-0.999942,-0.000203661,0,-0.000203673,1,-0.999942,-0.0107961,-2.19888e-06})
moveFrame({-0.1995,-0.819,1.799,0.000796327,-1,-0.000203673,0,-0.000203673,1,-1,-0.000796327,-1.6219e-07})
moveFrame({-0.203,-0.819,1.799,-0.00920354,-0.999958,-0.000203665,-0,-0.000203673,1,-0.999958,0.00920354,1.87452e-06})
moveFrame({-0.2065,-0.819,1.799,-0.0192025,-0.999816,-0.000203636,-0,-0.000203673,1,-0.999816,0.0192025,3.91103e-06})
moveFrame({-0.21,-0.819,1.799,-0.0291995,-0.999574,-0.000203586,-0,-0.000203673,1,-0.999574,0.0291995,5.94716e-06})
moveFrame({-0.2135,-0.819,1.799,-0.0391936,-0.999232,-0.000203517,-0,-0.000203673,1,-0.999232,0.0391936,7.98269e-06})
moveFrame({-0.217,-0.819,1.799,-0.0491838,-0.99879,-0.000203427,-0,-0.000203673,1,-0.99879,0.0491838,1.00174e-05})
moveFrame({-0.2205,-0.819,1.799,-0.0591691,-0.998248,-0.000203316,-0,-0.000203673,1,-0.998248,0.0591691,1.20512e-05})
moveFrame({-0.224,-0.819,1.799,-0.0691484,-0.997606,-0.000203186,-0,-0.000203673,1,-0.997606,0.0691484,1.40837e-05})
moveFrame({-0.2275,-0.819,1.799,-0.0791209,-0.996865,-0.000203035,-0,-0.000203673,1,-0.996865,0.0791209,1.61148e-05})
moveFrame({-0.231,-0.819,1.799,-0.0890854,-0.996024,-0.000202863,-0,-0.000203673,1,-0.996024,0.0890854,1.81443e-05})
moveFrame({-0.2345,-0.819,1.799,-0.099041,-0.995083,-0.000202672,-0,-0.000203673,1,-0.995083,0.099041,2.0172e-05})
moveFrame({-0.238,-0.819,1.799,-0.108987,-0.994043,-0.00020246,-0,-0.000203673,1,-0.994043,0.108987,2.21977e-05})
moveFrame({-0.2415,-0.819,1.799,-0.118922,-0.992904,-0.000202228,-0,-0.000203673,1,-0.992904,0.118922,2.42211e-05})
moveFrame({-0.245,-0.819,1.799,-0.128844,-0.991665,-0.000201976,-0,-0.000203673,1,-0.991665,0.128844,2.62422e-05})
moveFrame({-0.2485,-0.819,1.799,-0.138755,-0.990327,-0.000201703,-0,-0.000203673,1,-0.990327,0.138755,2.82606e-05})
moveFrame({-0.252,-0.819,1.799,-0.148651,-0.98889,-0.00020141,-0,-0.000203673,1,-0.98889,0.148651,3.02762e-05})
moveFrame({-0.2555,-0.819,1.799,-0.158532,-0.987354,-0.000201098,-0,-0.000203673,1,-0.987354,0.158532,3.22887e-05})
moveFrame({-0.259,-0.819,1.799,-0.168397,-0.985719,-0.000200765,-0,-0.000203673,1,-0.985719,0.168397,3.4298e-05})
moveFrame({-0.2625,-0.819,1.799,-0.178246,-0.983986,-0.000200412,-0,-0.000203673,1,-0.983986,0.178246,3.63039e-05})
moveFrame({-0.266,-0.819,1.799,-0.188077,-0.982154,-0.000200039,-0,-0.000203673,1,-0.982154,0.188077,3.83062e-05})
moveFrame({-0.2695,-0.819,1.799,-0.197889,-0.980224,-0.000199645,-0,-0.000203673,1,-0.980224,0.197889,4.03046e-05})
moveFrame({-0.273,-0.819,1.799,-0.207681,-0.978197,-0.000199232,-0,-0.000203673,1,-0.978197,0.207681,4.22991e-05})
moveFrame({-0.2765,-0.819,1.799,-0.217452,-0.976071,-0.000198799,-0,-0.000203673,1,-0.976071,0.217452,4.42892e-05})
moveFrame({-0.28,-0.819,1.799,-0.227202,-0.973848,-0.000198347,-0,-0.000203673,1,-0.973848,0.227202,4.6275e-05})
moveFrame({-0.2835,-0.819,1.799,-0.236929,-0.971527,-0.000197874,-0,-0.000203673,1,-0.971527,0.236929,4.82561e-05})
moveFrame({-0.287,-0.819,1.799,-0.246632,-0.969109,-0.000197382,-0,-0.000203673,1,-0.969109,0.246632,5.02324e-05})
moveFrame({-0.2905,-0.819,1.799,-0.256311,-0.966594,-0.000196869,-0,-0.000203673,1,-0.966594,0.256311,5.22037e-05})
moveFrame({-0.294,-0.819,1.799,-0.265964,-0.963983,-0.000196338,-0,-0.000203673,1,-0.963983,0.265964,5.41697e-05})
moveFrame({-0.2975,-0.819,1.799,-0.27559,-0.961275,-0.000195786,-0,-0.000203673,1,-0.961275,0.27559,5.61303e-05})
moveFrame({-0.301,-0.819,1.799,-0.285189,-0.958471,-0.000195215,-0,-0.000203673,1,-0.958471,0.285189,5.80854e-05})
moveFrame({-0.3045,-0.819,1.799,-0.294759,-0.955571,-0.000194624,-0,-0.000203673,1,-0.955572,0.294759,6.00346e-05})
moveFrame({-0.308,-0.819,1.799,-0.3043,-0.952576,-0.000194014,-0,-0.000203673,1,-0.952576,0.3043,6.19778e-05})
moveFrame({-0.3115,-0.819,1.799,-0.313811,-0.949486,-0.000193385,-0,-0.000203673,1,-0.949486,0.313811,6.39148e-05})
moveFrame({-0.315,-0.819,1.799,-0.32329,-0.9463,-0.000192736,-0,-0.000203673,1,-0.9463,0.32329,6.58454e-05})
moveFrame({-0.3185,-0.819,1.799,-0.332736,-0.94302,-0.000192068,-0,-0.000203673,1,-0.94302,0.332736,6.77695e-05})
moveFrame({-0.322,-0.819,1.799,-0.34215,-0.939645,-0.000191381,-0,-0.000203673,1,-0.939645,0.34215,6.96867e-05})
moveFrame({-0.3255,-0.819,1.799,-0.351529,-0.936177,-0.000190674,-0,-0.000203673,1,-0.936177,0.351529,7.1597e-05})
moveFrame({-0.329,-0.819,1.799,-0.360873,-0.932615,-0.000189949,-0,-0.000203673,1,-0.932615,0.360873,7.35001e-05})
moveFrame({-0.3325,-0.819,1.799,-0.370181,-0.92896,-0.000189204,-0,-0.000203673,1,-0.92896,0.370181,7.53959e-05})
moveFrame({-0.336,-0.819,1.799,-0.379452,-0.925212,-0.000188441,-0,-0.000203673,1,-0.925212,0.379452,7.72842e-05})
moveFrame({-0.3395,-0.819,1.799,-0.388685,-0.921371,-0.000187659,-0,-0.000203673,1,-0.921371,0.388685,7.91647e-05})
moveFrame({-0.343,-0.819,1.799,-0.397879,-0.917438,-0.000186858,-0,-0.000203673,1,-0.917438,0.397879,8.10373e-05})
moveFrame({-0.3465,-0.819,1.799,-0.407033,-0.913413,-0.000186038,-0,-0.000203673,1,-0.913413,0.407033,8.29018e-05})
moveFrame({-0.35,-0.819,1.799,-0.416147,-0.909297,-0.0001852,-0,-0.000203673,1,-0.909297,0.416147,8.4758e-05})
